vendor,source,quote_source,collected_at,datetime,symbol,exchange,trade_date,trade_time,phase,name,last_price,open,high,low,prev_close,volume,amount,turnover,pct_chg,pct_chg_raw,pct_chg_norm,pct_chg_source,pct_chg_unit
synthetic_from_training_5m,training_5m,training_5m,2026-05-21T09:35:00,2026-05-21T09:35:00,600312.SH,SH,20260521,093500,continuous,600312.SH,22.13,22.15,22.28,22.07,22.21,1592400.0,35314322.0,,-0.0036019810895994153,-0.0036019810895994153,-0.0036019810895994153,computed_from_prev_close,ratio
synthetic_from_training_5m,training_5m,training_5m,2026-05-21T09:40:00,2026-05-21T09:40:00,600312.SH,SH,20260521,094000,continuous,600312.SH,21.95,22.13,22.28,21.92,22.21,2846700.0,62969452.0,,-0.011706438541197683,-0.011706438541197683,-0.011706438541197683,computed_from_prev_close,ratio
synthetic_from_training_5m,training_5m,training_5m,2026-05-21T09:45:00,2026-05-21T09:45:00,600312.SH,SH,20260521,094500,continuous,600312.SH,21.89,21.95,22.28,21.82,22.21,4201700.0,92652082.0,,-0.014407924358397106,-0.014407924358397106,-0.014407924358397106,computed_from_prev_close,ratio
synthetic_from_training_5m,training_5m,training_5m,2026-05-21T09:50:00,2026-05-21T09:50:00,600312.SH,SH,20260521,095000,continuous,600312.SH,21.85,21.89,22.28,21.82,22.21,5095200.0,112203681.0,,-0.01620891490319676,-0.01620891490319676,-0.01620891490319676,computed_from_prev_close,ratio
synthetic_from_training_5m,training_5m,training_5m,2026-05-21T09:55:00,2026-05-21T09:55:00,600312.SH,SH,20260521,095500,continuous,600312.SH,22.01,21.86,22.28,21.82,22.21,5454600.0,120092725.0,,-0.00900495272399815,-0.00900495272399815,-0.00900495272399815,computed_from_prev_close,ratio
synthetic_from_training_5m,training_5m,training_5m,2026-05-21T10:00:00,2026-05-21T10:00:00,600312.SH,SH,20260521,100000,continuous,600312.SH,22.05,22.0,22.28,21.82,22.21,5877100.0,129386799.0,,-0.007203962179198609,-0.007203962179198609,-0.007203962179198609,computed_from_prev_close,ratio
synthetic_from_training_5m,training_5m,training_5m,2026-05-21T10:05:00,2026-05-21T10:05:00,600312.SH,SH,20260521,100500,continuous,600312.SH,22.03,22.05,22.28,21.82,22.21,6320200.0,139166012.0,,-0.00810445745159838,-0.00810445745159838,-0.00810445745159838,computed_from_prev_close,ratio
synthetic_from_training_5m,training_5m,training_5m,2026-05-21T10:10:00,2026-05-21T10:10:00,600312.SH,SH,20260521,101000,continuous,600312.SH,21.95,22.03,22.28,21.82,22.21,6756900.0,148764767.0,,-0.011706438541197683,-0.011706438541197683,-0.011706438541197683,computed_from_prev_close,ratio
synthetic_from_training_5m,training_5m,training_5m,2026-05-21T10:15:00,2026-05-21T10:15:00,600312.SH,SH,20260521,101500,continuous,600312.SH,21.97,21.97,22.28,21.82,22.21,7125355.0,156854248.0,,-0.010805943268797913,-0.010805943268797913,-0.010805943268797913,computed_from_prev_close,ratio
synthetic_from_training_5m,training_5m,training_5m,2026-05-21T10:20:00,2026-05-21T10:20:00,600312.SH,SH,20260521,102000,continuous,600312.SH,21.9,21.97,22.28,21.82,22.21,7662055.0,168611874.0,,-0.013957676722197276,-0.013957676722197276,-0.013957676722197276,computed_from_prev_close,ratio
synthetic_from_training_5m,training_5m,training_5m,2026-05-21T10:25:00,2026-05-21T10:25:00,600312.SH,SH,20260521,102500,continuous,600312.SH,21.86,21.9,22.28,21.82,22.21,8283755.0,182211213.0,,-0.01575866726699693,-0.01575866726699693,-0.01575866726699693,computed_from_prev_close,ratio
synthetic_from_training_5m,training_5m,training_5m,2026-05-21T10:30:00,2026-05-21T10:30:00,600312.SH,SH,20260521,103000,continuous,600312.SH,21.89,21.88,22.28,21.82,22.21,8622655.0,189627256.0,,-0.014407924358397106,-0.014407924358397106,-0.014407924358397106,computed_from_prev_close,ratio
synthetic_from_training_5m,training_5m,training_5m,2026-05-21T10:35:00,2026-05-21T10:35:00,600312.SH,SH,20260521,103500,continuous,600312.SH,21.85,21.88,22.28,21.82,22.21,9045055.0,198862044.0,,-0.01620891490319676,-0.01620891490319676,-0.01620891490319676,computed_from_prev_close,ratio
synthetic_from_training_5m,training_5m,training_5m,2026-05-21T10:40:00,2026-05-21T10:40:00,600312.SH,SH,20260521,104000,continuous,600312.SH,21.86,21.86,22.28,21.82,22.21,9352655.0,205586661.0,,-0.01575866726699693,-0.01575866726699693,-0.01575866726699693,computed_from_prev_close,ratio
synthetic_from_training_5m,training_5m,training_5m,2026-05-21T10:45:00,2026-05-21T10:45:00,600312.SH,SH,20260521,104500,continuous,600312.SH,21.85,21.87,22.28,21.82,22.21,9683255.0,212814047.0,,-0.01620891490319676,-0.01620891490319676,-0.01620891490319676,computed_from_prev_close,ratio
synthetic_from_training_5m,training_5m,training_5m,2026-05-21T10:50:00,2026-05-21T10:50:00,600312.SH,SH,20260521,105000,continuous,600312.SH,21.83,21.85,22.28,21.82,22.21,10147755.0,222958003.0,,-0.01710941017559664,-0.01710941017559664,-0.01710941017559664,computed_from_prev_close,ratio
synthetic_from_training_5m,training_5m,training_5m,2026-05-21T10:55:00,2026-05-21T10:55:00,600312.SH,SH,20260521,105500,continuous,600312.SH,21.82,21.83,22.28,21.81,22.21,10518755.0,231056373.0,,-0.01755965781179647,-0.01755965781179647,-0.01755965781179647,computed_from_prev_close,ratio
synthetic_from_training_5m,training_5m,training_5m,2026-05-21T11:00:00,2026-05-21T11:00:00,600312.SH,SH,20260521,110000,continuous,600312.SH,21.87,21.82,22.28,21.81,22.21,10798155.0,237161629.0,,-0.015308419630796877,-0.015308419630796877,-0.015308419630796877,computed_from_prev_close,ratio
synthetic_from_training_5m,training_5m,training_5m,2026-05-21T11:05:00,2026-05-21T11:05:00,600312.SH,SH,20260521,110500,continuous,600312.SH,21.87,21.87,22.28,21.81,22.21,10959155.0,240685287.0,,-0.015308419630796877,-0.015308419630796877,-0.015308419630796877,computed_from_prev_close,ratio
synthetic_from_training_5m,training_5m,training_5m,2026-05-21T11:10:00,2026-05-21T11:10:00,600312.SH,SH,20260521,111000,continuous,600312.SH,21.88,21.87,22.28,21.81,22.21,11033455.0,242309905.0,,-0.014858171994597158,-0.014858171994597158,-0.014858171994597158,computed_from_prev_close,ratio
synthetic_from_training_5m,training_5m,training_5m,2026-05-21T11:15:00,2026-05-21T11:15:00,600312.SH,SH,20260521,111500,continuous,600312.SH,21.86,21.88,22.28,21.81,22.21,11178755.0,245485312.0,,-0.01575866726699693,-0.01575866726699693,-0.01575866726699693,computed_from_prev_close,ratio
synthetic_from_training_5m,training_5m,training_5m,2026-05-21T11:20:00,2026-05-21T11:20:00,600312.SH,SH,20260521,112000,continuous,600312.SH,21.79,21.84,22.28,21.75,22.21,11824755.0,259568094.0,,-0.018910400720396292,-0.018910400720396292,-0.018910400720396292,computed_from_prev_close,ratio
synthetic_from_training_5m,training_5m,training_5m,2026-05-21T11:25:00,2026-05-21T11:25:00,600312.SH,SH,20260521,112500,continuous,600312.SH,21.78,21.78,22.28,21.75,22.21,12107155.0,265720134.0,,-0.019360648356596122,-0.019360648356596122,-0.019360648356596122,computed_from_prev_close,ratio
synthetic_from_training_5m,training_5m,training_5m,2026-05-21T11:30:00,2026-05-21T11:30:00,600312.SH,SH,20260521,113000,continuous,600312.SH,21.71,21.78,22.28,21.71,22.21,12618855.0,276841874.0,,-0.022512381809995485,-0.022512381809995485,-0.022512381809995485,computed_from_prev_close,ratio
synthetic_from_training_5m,training_5m,training_5m,2026-05-21T13:05:00,2026-05-21T13:05:00,600312.SH,SH,20260521,130500,continuous,600312.SH,21.65,21.71,22.28,21.59,22.21,14204765.0,311136702.0,,-0.02521386762719502,-0.02521386762719502,-0.02521386762719502,computed_from_prev_close,ratio
synthetic_from_training_5m,training_5m,training_5m,2026-05-21T13:10:00,2026-05-21T13:10:00,600312.SH,SH,20260521,131000,continuous,600312.SH,21.62,21.66,22.28,21.59,22.21,14594655.0,319574789.0,,-0.02656461053579473,-0.02656461053579473,-0.02656461053579473,computed_from_prev_close,ratio
synthetic_from_training_5m,training_5m,training_5m,2026-05-21T13:15:00,2026-05-21T13:15:00,600312.SH,SH,20260521,131500,continuous,600312.SH,21.63,21.63,22.28,21.59,22.21,15067555.0,329793226.0,,-0.0261143628995949,-0.0261143628995949,-0.0261143628995949,computed_from_prev_close,ratio
synthetic_from_training_5m,training_5m,training_5m,2026-05-21T13:20:00,2026-05-21T13:20:00,600312.SH,SH,20260521,132000,continuous,600312.SH,21.64,21.62,22.28,21.59,22.21,15403055.0,337046201.0,,-0.02566411526339485,-0.02566411526339485,-0.02566411526339485,computed_from_prev_close,ratio
synthetic_from_training_5m,training_5m,training_5m,2026-05-21T13:25:00,2026-05-21T13:25:00,600312.SH,SH,20260521,132500,continuous,600312.SH,21.68,21.64,22.28,21.59,22.21,15827455.0,346230880.0,,-0.023863124718595308,-0.023863124718595308,-0.023863124718595308,computed_from_prev_close,ratio
synthetic_from_training_5m,training_5m,training_5m,2026-05-21T13:30:00,2026-05-21T13:30:00,600312.SH,SH,20260521,133000,continuous,600312.SH,21.65,21.68,22.28,21.59,22.21,16068655.0,351451595.0,,-0.02521386762719502,-0.02521386762719502,-0.02521386762719502,computed_from_prev_close,ratio
synthetic_from_training_5m,training_5m,training_5m,2026-05-21T13:35:00,2026-05-21T13:35:00,600312.SH,SH,20260521,133500,continuous,600312.SH,21.56,21.65,22.28,21.56,22.21,16764255.0,366481900.0,,-0.029266096352994264,-0.029266096352994264,-0.029266096352994264,computed_from_prev_close,ratio
synthetic_from_training_5m,training_5m,training_5m,2026-05-21T13:40:00,2026-05-21T13:40:00,600312.SH,SH,20260521,134000,continuous,600312.SH,21.58,21.57,22.28,21.56,22.21,17053255.0,372717759.0,,-0.028365601080594494,-0.028365601080594494,-0.028365601080594494,computed_from_prev_close,ratio
synthetic_from_training_5m,training_5m,training_5m,2026-05-21T13:45:00,2026-05-21T13:45:00,600312.SH,SH,20260521,134500,continuous,600312.SH,21.59,21.59,22.28,21.56,22.21,17239355.0,376734230.0,,-0.027915353444394442,-0.027915353444394442,-0.027915353444394442,computed_from_prev_close,ratio
synthetic_from_training_5m,training_5m,training_5m,2026-05-21T13:50:00,2026-05-21T13:50:00,600312.SH,SH,20260521,135000,continuous,600312.SH,21.51,21.59,22.28,21.51,22.21,17934955.0,391730847.0,,-0.031517334533993635,-0.031517334533993635,-0.031517334533993635,computed_from_prev_close,ratio
synthetic_from_training_5m,training_5m,training_5m,2026-05-21T13:55:00,2026-05-21T13:55:00,600312.SH,SH,20260521,135500,continuous,600312.SH,21.49,21.51,22.28,21.46,22.21,18632155.0,406713105.0,,-0.03241782980639363,-0.03241782980639363,-0.03241782980639363,computed_from_prev_close,ratio
synthetic_from_training_5m,training_5m,training_5m,2026-05-21T14:00:00,2026-05-21T14:00:00,600312.SH,SH,20260521,140000,continuous,600312.SH,21.43,21.5,22.28,21.43,22.21,19112455.0,417020994.0,,-0.03511931562359305,-0.03511931562359305,-0.03511931562359305,computed_from_prev_close,ratio
synthetic_from_training_5m,training_5m,training_5m,2026-05-21T14:05:00,2026-05-21T14:05:00,600312.SH,SH,20260521,140500,continuous,600312.SH,21.48,21.44,22.28,21.43,22.21,19520255.0,425770744.0,,-0.03286807744259346,-0.03286807744259346,-0.03286807744259346,computed_from_prev_close,ratio
synthetic_from_training_5m,training_5m,training_5m,2026-05-21T14:10:00,2026-05-21T14:10:00,600312.SH,SH,20260521,141000,continuous,600312.SH,21.44,21.47,22.28,21.43,22.21,19816855.0,432136573.0,,-0.034669067987393,-0.034669067987393,-0.034669067987393,computed_from_prev_close,ratio
synthetic_from_training_5m,training_5m,training_5m,2026-05-21T14:15:00,2026-05-21T14:15:00,600312.SH,SH,20260521,141500,continuous,600312.SH,21.43,21.43,22.28,21.39,22.21,20625923.0,449460832.0,,-0.03511931562359305,-0.03511931562359305,-0.03511931562359305,computed_from_prev_close,ratio
synthetic_from_training_5m,training_5m,training_5m,2026-05-21T14:20:00,2026-05-21T14:20:00,600312.SH,SH,20260521,142000,continuous,600312.SH,21.36,21.42,22.28,21.34,22.21,21207423.0,461899545.0,,-0.038271049076992414,-0.038271049076992414,-0.038271049076992414,computed_from_prev_close,ratio
synthetic_from_training_5m,training_5m,training_5m,2026-05-21T14:25:00,2026-05-21T14:25:00,600312.SH,SH,20260521,142500,continuous,600312.SH,21.34,21.38,22.28,21.33,22.21,21656723.0,471492367.0,,-0.039171544349392184,-0.039171544349392184,-0.039171544349392184,computed_from_prev_close,ratio
synthetic_from_training_5m,training_5m,training_5m,2026-05-21T14:30:00,2026-05-21T14:30:00,600312.SH,SH,20260521,143000,continuous,600312.SH,21.22,21.33,22.28,21.21,22.21,22997624.0,500004850.0,,-0.04457451598379114,-0.04457451598379114,-0.04457451598379114,computed_from_prev_close,ratio
synthetic_from_training_5m,training_5m,training_5m,2026-05-21T14:35:00,2026-05-21T14:35:00,600312.SH,SH,20260521,143500,continuous,600312.SH,21.13,21.22,22.28,21.13,22.21,24000924.0,521261055.0,,-0.048626744709590386,-0.048626744709590386,-0.048626744709590386,computed_from_prev_close,ratio
synthetic_from_training_5m,training_5m,training_5m,2026-05-21T14:40:00,2026-05-21T14:40:00,600312.SH,SH,20260521,144000,continuous,600312.SH,21.16,21.15,22.28,21.09,22.21,25455134.0,552024727.0,,-0.047276001800990564,-0.047276001800990564,-0.047276001800990564,computed_from_prev_close,ratio
synthetic_from_training_5m,training_5m,training_5m,2026-05-21T14:45:00,2026-05-21T14:45:00,600312.SH,SH,20260521,144500,continuous,600312.SH,21.1,21.16,22.28,21.09,22.21,26391234.0,571809093.0,,-0.049977487618189986,-0.049977487618189986,-0.049977487618189986,computed_from_prev_close,ratio
synthetic_from_training_5m,training_5m,training_5m,2026-05-21T14:50:00,2026-05-21T14:50:00,600312.SH,SH,20260521,145000,continuous,600312.SH,21.1,21.1,22.28,21.09,22.21,27199600.0,588885478.0,,-0.049977487618189986,-0.049977487618189986,-0.049977487618189986,computed_from_prev_close,ratio
synthetic_from_training_5m,training_5m,training_5m,2026-05-21T14:55:00,2026-05-21T14:55:00,600312.SH,SH,20260521,145500,continuous,600312.SH,21.03,21.11,22.28,21.0,22.21,28605600.0,618500559.0,,-0.05312922107158935,-0.05312922107158935,-0.05312922107158935,computed_from_prev_close,ratio
synthetic_from_training_5m,training_5m,training_5m,2026-05-21T15:00:00,2026-05-21T15:00:00,600312.SH,SH,20260521,150000,continuous,600312.SH,21.09,21.02,22.28,21.0,22.21,29272695.0,632554908.0,,-0.05042773525438993,-0.05042773525438993,-0.05042773525438993,computed_from_prev_close,ratio
